-0.448934 0.146915 -0.296867 -0.279736 0.870887 -0.113449 -0.430757 -0.225514 0.011147 0.583696 -0.530554 0.710498 0.794556 -0.028602 0.987829 -0.691493 0.029413 -0.177290 0.661308 0.331264 -0.553415 0.864939 -0.222135 0.255914 0.715106 -0.113118 0.415596 0.740088 -0.024954 0.492542 -0.719020 -0.579623 -0.154319 -0.040526 0.565120 -0.993705 0.649195 -0.289711 -0.597656 -0.645753 
-0.241346 -0.669599 0.097330 -0.998013 -0.531008 -0.927768 0.310534 -0.353325 0.625739 -0.681059 0.103267 -0.173249 -0.821361 0.961293 0.563290 -0.266159 0.966490 0.071519 -0.108020 0.570126 0.945731 -0.736542 0.447067 -0.600061 -0.550317 0.683178 0.817658 0.806852 -0.604102 0.339389 0.025600 0.312152 -0.671611 0.871997 -0.346113 -0.026085 0.547091 0.054944 0.109430 0.941263 
-0.086027 0.045932 -0.897396 -0.627228 0.896709 0.689407 -0.886838 0.179950 0.000056 0.759100 -0.894237 -0.572634 0.830344 -0.044699 -0.532579 -0.411741 -0.749495 0.704826 0.628323 -0.476260 -0.929386 -0.868760 -0.441910 0.924171 -0.538274 -0.061749 0.806001 -0.465484 -0.274447 0.500695 -0.473503 0.121352 0.169416 0.402881 0.082808 0.719762 0.223295 0.015545 -0.019891 0.167545 
0.340700 0.002700 -0.671029 0.505125 0.272614 0.513144 -0.281173 0.697773 -0.575023 0.263915 -0.011107 0.512531 -0.496278 0.984672 -0.210633 -0.201746 -0.345994 0.151397 -0.714545 0.478944 -0.618750 -0.942859 -0.548668 -0.596279 0.935737 -0.371936 0.094231 -0.626600 0.337807 0.964127 -0.927354 0.579056 0.923137 -0.168527 -0.165726 -0.921216 -0.145760 0.702512 -0.828149 -0.097013 
-0.571605 0.617425 0.412622 0.158918 0.443612 -0.089568 -0.241290 0.019319 -0.672232 -0.081999 -0.397482 -0.168055 0.267544 0.200892 0.702430 -0.385837 0.499653 0.447551 0.810561 -0.386597 -0.664045 0.233197 0.876125 0.168949 0.864496 0.798100 0.133770 0.120834 0.471742 -0.161611 0.528633 0.589094 0.904002 0.203624 -0.707223 -0.353079 0.824830 -0.074892 -0.723349 0.395109 
0.345198 -0.397707 0.085380 0.919854 0.703353 0.541007 0.750788 -0.478782 -0.820288 0.366191 0.203682 -0.761884 -0.595159 -0.129075 0.617394 -0.618338 0.617366 -0.109706 0.393490 -0.420622 0.106293 0.606917 -0.700753 0.898397 -0.369554 0.817068 0.273901 0.408308 0.386059 0.484525 -0.983191 0.339457 0.491132 -0.465542 0.160913 -0.789552 -0.527898 0.120322 -0.048200 -0.644976 
-0.909760 -0.468897 0.888181 -0.135886 0.380681 0.218904 0.243134 -0.360202 0.283780 -0.815074 0.461631 -0.173692 0.085439 0.055661 0.621334 -0.116490 0.880887 -0.616808 0.159945 -0.894755 -0.576483 -0.141988 0.762503 0.391703 -0.124603 0.630760 -0.367201 -0.702951 -0.073462 -0.088967 -0.225072 0.045367 0.561036 -0.539295 -0.423151 0.613780 -0.032136 -0.894334 0.157845 -0.100597 
-0.010283 0.262662 0.000096 0.476577 -0.813875 0.954186 0.977438 -0.114156 -0.919886 -0.383097 0.519589 0.759573 0.261806 -0.282929 -0.117937 0.775341 -0.963757 0.081210 -0.291816 0.180686 0.191012 0.618882 0.634152 0.746934 0.472725 0.795390 -0.658588 -0.039156 0.132886 -0.351588 0.215191 0.304618 0.450368 -0.677451 0.846228 0.006971 -0.865466 -0.552459 -0.944184 -0.191311 
0.792768 -0.339039 -0.331794 0.763598 0.707288 0.227252 -0.551998 -0.455838 0.709292 -0.699658 0.921732 -0.349460 0.690048 -0.438619 -0.529728 0.710665 -0.824224 -0.395079 0.961511 -0.884516 -0.321843 0.430290 -0.063455 0.468678 -0.517431 -0.552372 -0.195552 0.180219 0.484673 -0.745319 -0.379155 0.529050 0.374136 -0.078505 0.323105 -0.040497 -0.097824 -0.087238 -0.159103 0.440347 
0.404682 0.831016 0.472208 -0.833752 -0.182355 0.694653 -0.244807 -0.490513 0.390102 0.968724 0.315769 -0.259726 0.931999 0.144365 0.584078 -0.065270 -0.263603 0.608851 0.217564 -0.653404 -0.228497 -0.577370 -0.228461 0.068154 -0.684941 -0.417945 0.219944 0.539786 0.256392 -0.006919 0.775658 0.751341 0.189532 -0.766357 0.796141 0.316176 -0.552380 0.868395 -0.270636 -0.895469 
0.234243 -0.950643 -0.370468 0.120150 -0.112766 0.255254 0.822984 0.967807 0.911652 0.702344 0.222560 -0.905539 0.960147 0.517288 0.160014 0.994150 -0.993756 0.749711 0.762875 -0.873924 0.579001 -0.405175 -0.087994 0.305438 -0.985311 -0.143764 -0.392427 -0.014881 -0.441577 0.138519 -0.518204 -0.585019 0.186524 0.340517 0.584757 -0.975651 -0.346597 -0.608866 -0.844154 0.776844 
0.606983 -0.132248 0.031742 -0.381263 0.470386 -0.781560 -0.229187 -0.436910 -0.361285 -0.640531 -0.067749 0.435207 -0.618242 0.332184 0.320666 -0.983650 -0.559002 0.313956 -0.968141 -0.659848 0.229335 -0.030666 0.290856 0.776594 -0.553603 -0.490592 -0.766665 0.549434 -0.269685 0.219432 0.634443 0.095962 0.540545 -0.438787 0.357261 0.541583 -0.461961 0.333158 0.777312 0.613199 
-0.482349 0.168703 -0.121241 0.838882 0.860065 -0.187313 -0.807718 0.072527 0.462212 0.267479 -0.119598 0.482378 0.147335 -0.971132 -0.990789 0.571842 0.105386 -0.027466 0.600320 -0.320646 0.685182 -0.722254 0.747247 -0.048492 0.884865 -0.473194 -0.645218 0.878859 0.144611 0.762508 -0.887218 0.661361 0.389064 0.490133 0.719063 -0.300351 -0.909835 0.796910 -0.084349 0.481342 
0.203060 -0.852333 0.305871 0.971150 -0.017088 0.629437 -0.181020 0.678430 -0.825558 0.970712 -0.547191 -0.892073 -0.318225 0.940149 -0.108484 0.918678 0.485758 -0.166988 -0.943489 -0.772496 -0.587657 -0.704406 0.337093 -0.103814 0.379972 0.838801 -0.044202 -0.453886 -0.389132 0.746545 -0.073574 0.017404 0.640896 -0.405088 0.016025 0.681220 -0.274542 0.328835 -0.018945 -0.639321 
0.895226 0.843421 -0.769194 -0.206668 -0.569424 -0.514165 -0.811451 -0.911848 -0.847650 0.689526 -0.665532 -0.612200 0.955291 -0.337244 0.892403 0.740262 -0.865781 -0.619167 0.477628 0.875634 -0.349595 0.502429 -0.233004 -0.417882 -0.150285 -0.292921 0.861975 0.479285 0.835810 -0.586571 -0.181568 -0.791690 -0.485955 0.402854 0.321705 0.130575 -0.330319 0.460416 -0.478954 -0.339057 
0.604619 0.966215 0.156547 0.270041 -0.537027 -0.503963 0.892587 0.400447 0.272685 0.062560 0.044915 0.780565 0.369673 0.208655 -0.422328 0.961387 0.646395 -0.660965 -0.170299 -0.165050 0.734486 0.513708 0.814408 -0.585326 -0.549759 -0.032355 -0.510394 0.849829 0.006978 0.446545 -0.918369 -0.544671 -0.683818 0.751899 -0.846907 0.201962 0.114022 0.473888 0.729885 0.515274 
0.141082 0.007391 0.091346 -0.385316 0.212283 -0.671866 0.741456 -0.840647 0.926982 0.935607 -0.500665 0.810200 0.703300 -0.233981 -0.853016 -0.454685 -0.878386 0.288746 0.496213 0.467442 0.300154 -0.344003 0.760106 0.437110 0.233321 0.433398 0.490957 -0.583074 0.849391 -0.313401 0.964636 -0.068918 0.289639 0.210765 -0.907077 -0.579839 0.150721 -0.511658 0.699562 0.549140 
-0.356552 -0.795985 0.034050 -0.992652 0.516799 -0.679782 -0.823241 -0.605913 0.682039 0.337511 0.866664 0.564202 -0.510129 0.535306 -0.192091 0.178457 0.122106 0.537654 -0.790395 0.489353 -0.687497 -0.972329 0.224429 -0.223621 -0.459296 0.420446 -0.081248 0.780801 -0.554582 -0.624401 -0.042803 -0.337712 -0.085918 -0.077667 0.014969 0.096235 -0.250442 0.718597 0.175281 -0.780564 
0.052518 0.362970 -0.057783 -0.805868 -0.433039 0.956862 -0.326726 -0.193855 0.435400 -0.231142 0.078565 0.555763 -0.657293 0.930311 0.750692 -0.456819 -0.568249 0.660754 0.107299 -0.360211 0.221221 0.294123 -0.797834 -0.130942 -0.923856 0.712846 0.898633 0.668588 -0.840429 -0.389119 -0.999339 -0.258616 -0.456675 -0.976845 -0.475644 0.766123 0.091397 -0.191634 0.039593 -0.464593 
0.208905 -0.390686 0.191026 0.061766 0.583225 -0.500452 0.627922 -0.331249 -0.670431 -0.502531 0.087776 -0.141525 0.406094 -0.401745 -0.554047 -0.132518 -0.420959 -0.942133 -0.524992 0.496400 -0.612788 0.500209 0.416480 0.348834 0.594321 -0.908713 -0.763345 0.195011 0.382345 -0.673133 0.613107 -0.036305 0.009810 0.206319 0.273749 -0.696373 0.626873 -0.403279 -0.904599 -0.963579 
0.423968 0.270989 -0.236569 0.269291 0.826397 -0.802028 -0.251789 -0.726577 -0.088983 -0.367737 -0.550543 -0.922855 -0.570930 0.589528 0.201787 0.281206 -0.832639 -0.722622 0.002762 0.794834 -0.121956 -0.457746 0.586840 0.203902 -0.507455 0.692712 -0.229997 -0.712376 0.321445 -0.113687 -0.269386 -0.391188 0.601068 0.390862 -0.155615 0.986587 -0.938284 0.027122 -0.618602 0.324893 
0.235823 -0.362599 -0.531865 0.335122 0.376772 -0.464010 0.275955 -0.599700 0.438592 -0.982700 -0.143737 0.669276 -0.329104 0.937103 0.716483 -0.888204 -0.066518 -0.416173 0.974890 -0.545563 0.905007 0.953095 -0.602821 -0.856360 0.521082 0.168260 -0.667083 0.788739 -0.644459 0.935836 0.953434 0.409293 0.227822 0.674926 0.442781 -0.528455 0.702057 -0.058469 -0.309062 -0.066288 
-0.971735 0.554587 -0.753316 -0.629626 0.587590 -0.228470 -0.576641 -0.337079 0.452391 -0.555033 -0.337830 0.468204 0.610930 0.344193 -0.612522 -0.453027 -0.940644 -0.939094 0.726558 0.506204 -0.982111 0.659687 0.156130 0.200601 0.889126 0.418678 0.883712 -0.502527 -0.022053 0.163274 -0.584670 0.945311 -0.619840 0.481350 0.900487 0.812682 -0.193197 0.251961 0.260591 0.011109 
-0.655334 -0.846254 0.376504 -0.366256 0.975597 0.597260 -0.194623 0.772488 -0.945351 0.032093 0.462279 0.350097 0.605535 0.918779 0.531425 0.152374 -0.398850 -0.665500 -0.865147 -0.517922 -0.557325 0.397683 0.953274 -0.092994 -0.971470 0.580815 -0.254692 -0.217045 0.942970 -0.640394 0.923034 0.638049 0.967248 -0.499266 -0.436527 -0.243651 -0.494814 0.893792 0.945074 0.417015 
0.330535 0.097552 0.875275 0.142696 -0.271797 0.479569 -0.945625 -0.704349 0.140476 -0.154738 -0.114891 0.868296 0.138331 -0.737138 -0.506445 -0.403995 -0.239396 -0.126276 0.332023 -0.633314 0.903647 -0.319146 -0.325748 -0.860528 -0.108331 -0.186879 -0.013700 -0.740525 -0.389775 -0.550617 -0.041033 -0.452098 0.099925 0.106351 0.430261 0.015827 0.368555 -0.016761 0.536579 0.022109 
0.918414 0.734361 -0.358981 0.597079 0.486379 0.369867 -0.235400 0.354427 0.787259 -0.393729 0.864425 -0.122328 -0.481254 0.427899 0.520055 -0.012422 -0.221603 0.045750 -0.217193 -0.963115 0.490122 0.096431 0.554601 -0.313552 -0.287826 0.384841 -0.775713 0.820797 -0.037034 -0.288134 -0.929095 -0.730022 -0.079090 0.269210 0.285942 0.066911 -0.718490 0.312566 0.311227 0.370113 
-0.926088 0.145220 -0.928536 -0.659387 0.021956 0.572800 0.311751 0.400569 -0.730788 0.552770 0.442471 0.836329 -0.614555 0.486468 0.067367 -0.660919 -0.210823 0.749265 0.330394 -0.132534 0.915855 0.076997 -0.392802 -0.749981 0.654695 0.574699 -0.719701 0.396967 -0.793558 -0.849530 0.533832 0.619503 -0.767050 0.201926 0.434761 -0.754959 -0.057711 0.207360 0.262091 -0.922041 
-0.882212 -0.031679 0.131896 0.208108 0.642537 -0.358363 -0.424069 -0.847181 0.489197 0.597781 0.499918 -0.276901 0.524750 0.747929 -0.559339 -0.790737 0.963633 -0.534517 -0.400743 -0.253802 -0.221834 -0.844717 -0.304166 -0.476159 -0.113295 -0.516129 0.887269 -0.997641 0.004346 0.886866 0.461934 -0.546808 0.676552 0.760168 0.905383 0.985506 -0.921881 -0.213424 -0.403854 0.588835 
-0.126103 -0.826504 -0.126207 -0.147358 -0.427649 -0.708511 -0.158123 0.890198 -0.175424 0.981360 0.484926 -0.455979 -0.371827 -0.314928 0.919540 0.469600 -0.083458 -0.494803 -0.612974 0.296982 -0.814746 0.396360 -0.563248 0.844406 -0.546926 0.971364 -0.949402 0.051650 0.418329 0.706949 -0.996349 0.860679 0.110468 0.191376 0.528438 0.135706 0.286490 -0.118734 -0.299834 -0.692884 
-0.733926 0.270876 -0.857989 -0.639373 -0.036808 0.960963 -0.251543 -0.162492 0.509328 0.808617 0.920582 -0.307854 -0.775713 -0.783345 -0.433461 0.860276 -0.146176 -0.565925 0.043292 0.377814 0.943992 -0.895450 -0.318049 0.157201 0.938485 -0.855367 -0.439726 -0.024566 -0.465298 0.800996 0.643886 0.821171 -0.984583 0.785230 0.095515 0.628351 0.221671 0.668522 -0.346878 0.187692 
0.783045 0.873759 0.290221 0.305444 0.576924 -0.784785 -0.497315 -0.423706 0.736891 0.599802 0.263698 -0.758345 0.735403 0.869514 0.706349 -0.017737 -0.378216 0.901268 -0.491897 0.955095 -0.562096 -0.698692 0.528365 0.773073 0.256732 0.512134 -0.138130 0.671576 -0.529255 0.816417 -0.571158 0.076736 0.698086 -0.463080 -0.419536 -0.426481 0.671164 0.757568 0.926966 0.809919 
-0.995268 0.096260 0.311727 0.515117 0.371113 -0.984926 0.681666 0.673622 -0.612678 0.342519 0.953939 -0.142456 0.464109 0.263135 0.553871 -0.413496 0.704583 -0.605201 0.831786 0.860910 -0.775732 0.571579 0.043299 0.153444 -0.527884 0.031855 0.448852 -0.707520 -0.538201 -0.401078 0.222244 0.812934 -0.368350 -0.365598 -0.538929 0.437937 -0.056217 0.209233 0.217924 -0.534864 
0.311561 0.321604 0.658503 0.598011 -0.538812 -0.840387 -0.048306 0.801628 -0.405250 0.052680 -0.279883 -0.943801 -0.351581 -0.045689 -0.460355 -0.059653 -0.647619 -0.761571 0.482307 0.722344 0.949398 -0.074982 0.690334 0.167164 0.090227 -0.284480 0.758104 0.788293 -0.333395 0.324867 0.337489 0.552253 0.496511 -0.472789 0.247636 -0.190486 -0.687582 -0.332268 0.051317 -0.946262 
-0.196803 0.369421 0.523784 -0.853990 0.763740 -0.448121 -0.633074 -0.932545 0.363607 0.756732 -0.564469 0.247679 0.097403 0.623986 0.108277 -0.507492 0.313744 -0.568753 -0.114274 -0.367349 -0.339839 -0.795013 -0.658806 0.048165 0.542758 0.642813 0.799215 0.819953 -0.323106 -0.069832 0.135877 -0.206899 0.014299 0.819444 0.853623 0.484030 0.747243 -0.789969 -0.143750 0.546705 
0.388623 -0.249349 -0.347267 0.133413 0.394123 0.458940 -0.371120 0.585002 -0.635463 -0.435169 -0.233025 -0.488816 -0.063408 -0.038074 -0.977901 -0.531545 -0.445211 0.631737 0.803152 0.374411 0.643209 -0.343499 0.661104 -0.147535 -0.756294 0.404765 -0.096292 -0.352183 -0.690590 0.047112 -0.189745 0.656617 0.381007 -0.223763 0.522206 -0.861070 0.000189 -0.441086 0.691838 0.035258 
0.120642 0.656515 -0.195763 0.558945 -0.516603 0.578234 0.145922 -0.405513 0.986735 0.165527 -0.798385 0.886153 0.970933 -0.842932 0.641233 -0.039916 -0.844665 0.749180 -0.714094 0.778001 -0.707791 -0.589760 0.093331 0.935235 0.364252 -0.953689 0.298127 -0.150425 -0.224307 -0.833587 0.371831 0.657033 -0.912932 -0.232147 -0.562065 -0.172672 -0.169646 0.301088 0.669420 0.526266 
-0.908501 0.599932 -0.401319 0.292527 -0.842218 -0.063340 -0.483507 -0.552129 0.327195 0.972929 -0.729126 -0.303025 0.871345 0.924041 -0.448352 0.315542 0.218542 0.103846 -0.493452 -0.204765 0.352009 -0.821982 0.229299 0.911155 -0.874442 -0.152129 0.712279 0.978269 0.864794 -0.284995 0.336183 -0.914104 -0.142585 0.781106 0.338353 0.817860 -0.960146 -0.844430 -0.885584 0.619649 
-0.111248 0.930282 0.515295 -0.482354 -0.647284 0.247493 0.371747 0.671952 0.432472 -0.437480 -0.401178 -0.845473 0.289400 0.980732 0.708372 0.253055 0.051513 -0.140264 0.669261 0.168544 -0.829619 0.324333 -0.782666 0.062958 -0.589022 -0.162755 -0.046882 0.010146 -0.447131 -0.443419 0.052329 0.005277 0.303677 0.569826 -0.148757 0.855728 -0.527773 -0.610896 -0.239357 -0.957100 
0.316729 0.462304 0.806852 0.922309 0.941636 0.838719 0.763939 0.015006 -0.004824 -0.763299 0.558509 -0.542301 0.024540 0.521239 0.045620 -0.712828 -0.008762 0.350902 -0.695972 -0.749586 0.202923 -0.677499 -0.290788 -0.561637 0.997547 0.356308 -0.884221 0.115314 0.758651 0.559516 -0.765686 -0.369837 0.894973 -0.106930 0.462589 -0.435469 -0.953078 -0.648291 -0.332935 0.469311 
0.170727 -0.003128 0.631978 -0.815229 0.435034 0.624851 0.494025 -0.413259 -0.093366 -0.219034 -0.112356 0.116784 0.241426 -0.857712 0.512157 -0.877525 -0.055927 0.752238 0.262266 -0.995451 0.695304 0.487155 0.469996 -0.418283 0.498445 0.392369 -0.982784 0.930543 0.613938 -0.232209 0.888680 0.812701 0.054631 0.445986 -0.302125 -0.737530 0.197123 -0.267537 -0.532593 0.260465 
-0.775439 0.516897 0.620532 0.931393 -0.133607 -0.403734 0.003585 -0.048116 0.365359 -0.518603 -0.289802 -0.337595 0.141199 0.422722 0.876213 -0.832484 -0.490138 -0.901617 0.590420 0.343754 -0.127050 -0.131738 0.928835 -0.345940 0.582792 0.692688 -0.400605 0.345017 -0.821336 -0.182910 0.942781 -0.019163 -0.817415 -0.585955 -0.391227 0.285900 0.150039 0.616232 -0.846101 0.651671 
-0.094123 -0.915480 -0.632709 -0.207189 -0.181351 -0.618453 -0.029181 -0.002336 0.748058 -0.893761 -0.257904 0.769290 0.837753 0.658687 -0.074257 -0.931283 0.392387 -0.959184 0.481623 0.158268 0.245451 -0.758868 0.491086 -0.804596 0.496695 0.915181 -0.715682 -0.946882 -0.193780 -0.531461 -0.532606 -0.763723 -0.134111 0.447179 -0.054672 0.596461 0.548182 -0.377439 -0.944380 0.598520 
0.257202 0.128411 0.627411 0.778061 -0.634311 -0.921562 0.041567 -0.101733 -0.095635 0.322612 -0.481701 -0.239525 0.436115 0.263393 -0.022774 0.431932 0.309191 0.662319 0.148819 0.595210 0.855621 0.968718 0.560146 -0.878454 -0.423438 0.126670 -0.321197 -0.370735 -0.314667 -0.163831 -0.693221 -0.996756 -0.766589 0.090881 -0.603193 0.944678 0.139270 -0.680966 0.492912 0.727954 
-0.901477 -0.800595 0.061998 -0.664147 -0.759285 0.299126 0.670862 0.661708 0.755020 0.757370 0.605480 -0.024156 0.296245 0.357842 -0.462073 0.922039 -0.988904 0.204692 -0.686180 0.064509 0.701552 0.739057 0.529294 0.611654 -0.763804 -0.223241 0.273519 0.364486 -0.229217 0.318515 -0.347106 0.686543 -0.430287 -0.184152 -0.947865 -0.096182 0.360805 -0.935654 -0.990376 -0.171441 
-0.713065 0.362853 -0.881615 0.101016 0.662322 0.493328 0.966255 -0.610543 0.101280 0.605615 0.610944 0.916243 -0.609940 0.890803 -0.364058 0.166932 -0.485809 0.052957 -0.851089 0.545632 -0.656270 -0.962586 -0.425204 -0.345086 0.053985 -0.091394 -0.187514 0.762048 0.561097 0.784206 -0.690765 -0.227519 0.567438 0.463038 -0.498785 0.063376 -0.310062 -0.409781 -0.648239 -0.735848 
-0.745909 -0.248844 0.927053 -0.848024 -0.081647 0.444478 -0.248334 0.560307 0.418308 -0.836114 0.987382 -0.586412 -0.863791 -0.512488 0.644771 0.530313 0.790552 -0.057965 -0.806234 0.687112 -0.980171 0.233389 0.373174 0.344198 -0.274543 0.652301 0.528642 -0.414291 -0.983380 -0.155058 -0.437523 0.271128 -0.866778 0.850298 -0.901667 -0.009292 0.827478 -0.657953 -0.324530 0.443671 
0.704771 -0.415150 -0.836500 0.296625 0.230933 0.398871 -0.561958 0.326448 -0.660078 -0.003547 -0.648415 0.293692 0.245103 0.921787 0.581361 0.163885 -0.363172 0.311400 -0.580137 -0.335318 -0.378338 -0.643990 0.020541 0.097129 0.992589 0.377181 0.822904 -0.919109 0.951058 0.445318 -0.458150 0.896555 0.438218 -0.085627 0.145308 -0.491933 -0.418924 0.837760 -0.555654 0.980453 
0.107483 0.744716 0.158371 -0.889621 0.554633 0.180349 0.899776 0.468510 0.700001 0.532906 -0.950041 -0.880774 -0.462475 -0.607328 0.838210 -0.711218 0.084600 -0.926505 -0.514564 0.315872 -0.269949 -0.057273 0.172453 -0.244547 0.187828 0.837060 0.636769 0.063592 0.157602 0.970060 -0.447064 -0.958264 -0.007608 0.360585 -0.012565 -0.389763 0.660535 -0.665559 0.102282 -0.317197 
-0.742650 -0.488321 -0.508253 0.109028 0.044684 -0.136052 -0.378731 0.823489 0.726559 -0.327722 0.781254 0.831159 0.385001 -0.997551 0.331669 0.204594 0.659929 0.396523 -0.657965 0.405351 -0.924703 0.775791 0.641267 -0.247750 -0.493192 0.613128 0.303416 0.062557 -0.914627 0.193665 -0.764979 0.248721 -0.951215 -0.612239 -0.833297 -0.978438 -0.704417 0.061212 -0.921258 0.423703 
0.970223 0.647681 -0.115178 -0.906645 0.999843 -0.799306 0.818408 0.009327 0.699855 0.787462 -0.284239 -0.222299 0.357502 0.108069 -0.549095 -0.970346 -0.282554 0.368045 0.014183 0.980942 0.451359 -0.711307 0.622474 0.316065 0.347109 -0.825443 0.995169 -0.724223 0.354653 -0.186450 -0.229870 0.083381 -0.390475 -0.804138 -0.124179 -0.282996 0.156305 0.460760 -0.706320 0.801050 
-0.204671 0.790894 -0.215537 -0.428667 0.756006 -0.275703 0.665237 0.017932 -0.104547 0.236759 -0.845862 0.012507 0.508933 -0.677246 0.825974 0.441038 -0.722927 -0.070400 0.501406 -0.718814 -0.221687 0.257877 0.851416 0.524385 0.753818 -0.088552 0.461612 0.687556 0.402767 -0.094325 0.474948 -0.085440 0.408129 0.105730 0.273489 0.080138 0.796782 0.959274 -0.838557 -0.595662 
-0.577474 -0.292662 -0.286916 -0.614197 -0.944606 -0.229934 0.318036 -0.016576 0.644693 0.811630 0.012741 -0.718021 0.685381 -0.571756 0.150796 -0.709861 -0.264661 0.766030 -0.025611 -0.537644 -0.327396 0.885838 -0.692844 -0.361674 -0.219769 0.837274 0.169296 0.464537 0.771090 0.356321 -0.759101 -0.595697 0.820505 -0.722074 -0.289635 -0.375386 -0.502197 0.045490 0.995850 0.395676 
-0.831251 -0.795769 -0.037276 0.770266 -0.981603 0.385561 0.640710 0.633908 0.006404 0.341621 -0.619975 0.711651 0.070043 -0.281790 0.710805 -0.327421 0.000433 -0.612922 0.136368 -0.055042 0.582534 0.986709 0.443292 0.689375 0.904227 -0.671499 -0.545206 0.275551 -0.899657 0.829204 -0.555578 0.132260 -0.505688 0.619089 -0.074861 -0.939765 0.133163 0.381204 -0.506194 0.597271 
0.696339 0.953129 0.227021 0.130864 0.729158 0.097864 0.308446 -0.904840 -0.798938 -0.417200 -0.290703 0.044792 0.025009 0.659600 -0.246114 0.874294 0.750701 -0.204555 0.350207 0.765034 -0.230993 0.748034 -0.037382 0.161004 0.382955 -0.683226 -0.485488 -0.593631 -0.614856 0.049592 -0.665200 0.067116 0.446289 -0.009633 0.900502 -0.719337 0.072180 0.990858 0.775427 -0.037737 
0.635208 -0.597119 0.673681 0.095745 -0.369224 0.575354 0.765323 0.072779 0.782734 0.737752 0.051214 -0.193274 -0.722228 0.881564 -0.534143 -0.102373 0.935055 0.927514 -0.527824 -0.947389 0.638595 0.085316 0.391553 0.914745 -0.938201 0.626455 0.035732 0.491593 -0.570218 0.944402 0.713553 -0.341984 -0.489445 0.827867 0.755458 0.157532 0.935564 0.527426 0.884964 -0.948007 
0.033134 -0.635356 0.616183 0.444146 0.356524 0.084950 0.759307 0.483897 0.286547 -0.103522 0.387667 0.330129 -0.075843 -0.979987 0.275229 0.403031 0.796885 0.855642 -0.643900 0.770180 0.756992 -0.518601 -0.934932 0.330950 -0.573764 0.542903 -0.204443 -0.398279 -0.593095 0.784634 -0.945064 0.035975 -0.742230 -0.857086 0.913429 -0.061217 -0.267702 0.534571 -0.973091 -0.660492 
0.674820 -0.648727 -0.973068 0.170210 0.473550 -0.053514 -0.821535 -0.977567 0.486959 -0.069237 0.990162 -0.796388 0.218787 0.495461 0.579935 0.979216 0.182184 0.763330 -0.532486 0.157799 -0.893208 0.231967 -0.171847 0.111161 -0.323678 -0.967003 -0.538034 0.492997 -0.066377 -0.362855 0.911647 0.646989 0.620358 -0.765051 0.793294 -0.239627 0.497606 -0.120177 0.765622 0.388707 
-0.349010 -0.762656 0.605125 0.341722 -0.831729 0.043542 -0.063634 -0.194844 -0.180459 0.768790 0.468037 0.409370 -0.690303 -0.644317 0.140845 -0.059894 -0.119591 -0.054302 -0.520729 -0.181432 0.999222 0.937321 0.442358 0.614428 -0.516119 0.592574 -0.439488 -0.227107 -0.714325 0.846669 -0.045144 -0.576017 -0.113015 -0.401740 -0.325665 -0.286590 0.379878 -0.365652 0.765555 -0.277880 
-0.279801 -0.162204 -0.445512 0.796839 -0.596043 0.258470 -0.483295 0.566073 -0.448601 0.191323 -0.246951 0.695721 0.745110 0.144196 0.749734 0.579963 0.212071 -0.077700 0.221114 0.737790 0.078350 -0.354690 0.328485 0.507939 -0.303780 -0.531391 0.420474 -0.069592 0.465669 -0.339347 0.837815 0.805458 0.224253 -0.326401 -0.985222 0.337139 0.795750 -0.800358 0.259894 0.242291 
0.675203 0.394765 -0.937149 -0.365484 0.968227 0.674117 0.196040 0.543995 -0.934356 -0.909915 -0.153415 0.195798 -0.399893 -0.545760 -0.142042 0.866121 -0.177992 -0.655681 0.033737 -0.622499 0.527257 -0.911414 -0.367475 -0.010434 0.452503 0.355375 0.639422 -0.897640 0.486226 0.874815 -0.699208 -0.329165 0.094003 -0.762401 0.803637 -0.651419 -0.314064 -0.838852 0.148442 -0.930778 
0.160730 -0.448622 0.676226 -0.237549 -0.112570 0.530520 -0.443825 0.770503 0.397887 0.624688 0.398818 0.197117 0.816454 -0.418001 -0.992819 -0.151658 -0.550951 0.438074 0.618166 -0.857542 -0.487961 0.646635 0.720738 -0.432566 -0.676675 0.933202 0.592595 -0.901630 0.622693 0.896185 0.326122 0.395708 0.961819 0.276673 -0.553401 -0.078744 0.548106 0.096794 0.076560 0.246309 
0.703294 0.372077 -0.628634 -0.963697 0.970071 0.199266 0.976409 -0.815083 0.361982 0.330876 -0.683735 0.488852 -0.299297 0.700355 0.268853 -0.795862 0.454302 -0.430132 -0.916082 -0.714471 0.127658 -0.242832 -0.841644 0.114761 0.254374 -0.837400 -0.977657 -0.183023 0.449452 0.162540 0.028114 -0.305334 0.183655 0.872725 0.690204 0.766902 -0.503869 0.567959 -0.834300 0.545784 
0.523915 0.367462 0.151501 -0.166730 -0.845701 0.643668 0.653013 -0.199981 0.458483 -0.481337 0.643966 -0.594675 -0.435932 0.587327 0.003716 0.254409 -0.056285 0.335154 0.696758 0.769204 -0.854753 0.950606 -0.163349 -0.666303 -0.957477 0.295549 -0.799860 0.661744 -0.460130 -0.587146 0.565433 -0.618787 -0.397997 0.758444 -0.148677 -0.226744 -0.981574 -0.810767 -0.946519 -0.654452 
0.531835 -0.369593 -0.347766 0.140173 0.660535 0.579928 0.147606 0.005425 0.227337 -0.758211 0.817776 0.349791 0.783814 0.834199 0.582663 0.819963 0.355853 0.705125 -0.195951 0.284578 -0.270328 -0.643543 -0.332006 0.893562 0.549721 0.554057 0.300582 0.173387 0.865454 0.123145 -0.321833 0.869453 0.366412 0.288818 -0.763666 0.628195 0.447145 -0.444375 -0.107618 -0.287518 
-0.805869 -0.903180 0.592958 -0.103870 0.522234 -0.759365 -0.160167 -0.724644 0.330264 -0.525520 0.324730 0.171253 -0.914309 0.539688 -0.433577 0.910565 0.917311 0.330917 -0.230721 0.213078 0.396081 0.376458 -0.038282 0.979041 0.477567 0.528834 0.079223 0.968261 -0.582939 -0.230428 -0.488735 -0.099830 -0.151019 0.313365 0.843053 0.582950 -0.311190 0.194438 -0.093898 -0.008236 
0.513801 -0.588823 0.680317 0.930488 0.107872 -0.889199 0.005111 0.069188 0.183762 0.063449 -0.534252 -0.182023 0.688862 -0.861012 -0.325994 0.780482 -0.741839 0.534722 -0.058461 0.619299 0.894623 -0.331698 -0.712374 0.705232 -0.839104 0.997261 0.818014 0.216595 -0.969904 0.204806 -0.813603 0.912123 0.224452 0.955207 0.850095 0.922259 0.889237 0.188509 0.314838 0.519662 
0.400194 0.020521 0.124249 0.704299 -0.170533 0.565339 -0.282750 0.919825 0.835951 0.514060 0.352666 0.439055 0.595420 -0.829466 -0.373223 0.433197 -0.765253 0.060379 0.386810 0.333299 -0.750896 -0.845859 0.995570 0.006671 0.527959 -0.886456 -0.022826 0.800761 -0.785599 -0.598377 -0.199471 -0.775026 -0.082894 -0.387156 -0.920816 0.401704 0.759723 -0.799010 -0.173581 0.993138 
0.050122 -0.612745 0.571099 -0.435544 0.021380 -0.318697 0.258886 -0.600364 0.698265 0.965595 0.535060 0.488320 0.464511 0.244612 -0.642252 -0.765736 0.745531 0.383396 -0.915570 -0.352846 -0.308855 0.836367 0.097700 0.971142 0.346306 -0.897765 -0.821094 0.131257 -0.286327 -0.442950 0.348079 0.614229 0.031051 0.426811 -0.048177 0.996536 0.028664 0.393871 0.793061 -0.379351 
0.703682 0.386339 -0.823133 -0.319377 0.969407 -0.768759 -0.433307 0.642996 -0.968458 0.128452 -0.341961 -0.435107 -0.283282 -0.274929 0.455146 0.210583 -0.414728 0.033392 -0.092678 -0.895410 0.774853 -0.037722 0.936133 0.232826 -0.350935 0.398377 -0.072893 -0.730788 0.898368 -0.717370 -0.990446 0.343503 0.375444 -0.507205 0.865254 -0.119649 -0.039373 -0.602497 0.671016 -0.714476 
-0.515909 0.690455 -0.266537 0.943351 0.812147 0.528915 -0.552879 0.703985 0.279713 -0.650605 -0.995294 0.123887 0.856158 0.468722 -0.750574 0.343340 0.816945 -0.429489 -0.330667 0.331277 -0.786440 -0.963501 -0.826244 -0.888874 -0.741911 -0.853821 -0.810743 0.734953 -0.709257 -0.998828 0.197444 -0.131209 0.139316 -0.578670 -0.295920 0.756319 -0.838274 -0.993639 0.871356 0.183241 
0.893690 -0.002278 0.015085 0.556906 -0.436931 -0.732264 0.595556 0.268541 -0.529545 -0.239244 -0.454355 0.924018 -0.194232 -0.160645 -0.877595 -0.397920 0.323724 -0.569900 0.750805 0.459777 -0.852513 0.459765 0.580870 -0.458480 0.192297 -0.595111 -0.519222 0.668690 0.073211 0.792408 -0.861151 -0.053187 -0.722250 -0.756391 -0.606530 0.273945 0.718307 -0.677559 -0.055272 0.298849 
0.466288 -0.119187 0.513519 0.732476 0.063311 -0.122144 0.321138 0.883687 0.197225 -0.779449 0.082139 0.217365 -0.854357 -0.547858 -0.476105 -0.329673 0.848172 -0.068092 -0.309454 0.266720 -0.681376 -0.622226 0.828532 -0.114356 0.149525 0.668592 0.663408 -0.597322 -0.433212 -0.620249 0.497252 -0.636746 0.194507 -0.896515 0.819732 -0.027120 0.683516 0.063849 0.943689 0.975495 
-0.473359 -0.321210 -0.912618 -0.567447 -0.372472 0.485378 0.160903 -0.792915 -0.765376 0.594321 -0.528645 -0.247689 0.292695 0.915574 -0.248326 0.087460 0.699066 0.016052 0.643048 0.259399 -0.055523 0.866034 0.687977 0.249235 0.301764 0.072381 0.321566 -0.386820 -0.143229 0.527998 -0.060874 0.951103 0.882101 0.341029 -0.391562 -0.994916 -0.193575 0.441745 0.235841 0.478884 
-0.685779 -0.570936 -0.290881 0.875116 -0.686545 -0.505102 -0.906941 0.498524 -0.667604 0.622514 0.676008 0.215186 0.995370 -0.393401 -0.117478 0.226821 -0.973509 -0.813872 0.273859 -0.546983 0.132226 -0.187869 0.621410 0.853469 0.539014 -0.556046 -0.462202 -0.879581 -0.061950 -0.899582 -0.321522 0.463449 0.460578 0.621946 0.355353 -0.058909 -0.460379 0.916739 0.188645 -0.435763 
0.712831 0.841887 0.665462 0.386362 0.430047 0.265510 -0.881473 0.702684 0.053179 0.680168 -0.218489 0.442343 0.474949 0.107442 0.981376 0.718993 -0.590819 0.710049 0.505553 -0.465961 -0.969471 0.174842 0.689437 0.328893 -0.430451 0.346222 0.810885 0.401959 -0.145425 -0.517528 0.156404 -0.311497 -0.842112 0.595994 -0.221245 -0.363251 0.271229 -0.266102 -0.889633 -0.871473 
-0.583318 0.447516 -0.927658 0.413528 -0.645998 0.751409 -0.821177 0.964048 -0.712257 -0.440707 0.906263 -0.066554 0.950878 -0.247245 -0.003953 -0.382499 0.915525 -0.247977 -0.700643 0.985588 -0.829859 -0.011807 0.283426 0.978859 -0.901234 -0.407042 0.016956 -0.377476 -0.128340 -0.024595 0.365672 -0.541526 -0.857373 -0.484618 0.095126 0.739611 0.440960 -0.648189 -0.105734 0.517177 
0.922947 0.880533 0.440143 0.563495 0.794404 -0.729757 -0.047062 -0.354632 -0.313579 -0.380271 -0.169578 0.778722 0.063043 0.507953 0.546912 0.737422 0.213151 -0.489720 -0.467200 0.716590 0.319580 0.429488 0.578419 0.680665 0.872671 -0.504930 0.480198 0.593537 0.275169 -0.189946 -0.730752 -0.003557 0.844396 -0.156971 -0.247003 -0.655329 -0.638868 -0.174986 -0.395938 0.464928 
0.079832 -0.015997 0.445761 0.844681 -0.135361 -0.091168 -0.279377 -0.280482 0.437427 0.694415 0.260974 0.580112 -0.534095 -0.017991 -0.753051 -0.618440 -0.985201 -0.454196 -0.212380 -0.103480 0.645726 0.666560 -0.828587 -0.571321 -0.575796 -0.315659 0.280195 -0.338854 0.782550 -0.035714 0.550996 0.747689 0.916714 0.992279 0.279651 0.930420 0.428859 -0.398538 -0.077416 -0.298293 
-0.134180 0.453437 -0.734731 0.027746 0.955121 -0.794509 -0.859241 -0.795663 0.999307 -0.766396 0.690458 0.574942 -0.643861 0.615288 0.697483 -0.908769 -0.289246 0.885396 0.521147 0.668412 -0.478805 -0.521400 0.155169 -0.686287 -0.488337 0.679819 -0.920772 0.921311 -0.907515 0.241285 0.245885 -0.889761 -0.328120 -0.897561 0.265954 0.957917 -0.986071 -0.962549 -0.940362 0.653533 
-0.164743 -0.389733 0.635984 -0.542452 -0.296910 0.116117 -0.073260 0.354228 -0.035654 0.929956 0.697947 -0.709774 0.387163 -0.204412 0.190135 0.340943 0.557517 0.870317 -0.131942 -0.407730 -0.279781 0.784748 0.457899 0.978820 0.678521 0.735603 0.001476 -0.242963 -0.752446 0.747120 -0.287498 -0.385270 0.073948 0.352386 0.950956 0.029448 -0.850435 0.681087 0.554404 0.390979 
-0.076703 -0.790971 -0.575386 0.901950 -0.742129 -0.020975 -0.074786 0.440788 -0.870621 0.550228 0.108408 -0.887981 0.196590 0.587731 0.883943 -0.011134 0.837701 -0.056221 -0.791982 -0.295753 -0.756669 0.008478 -0.620423 0.674642 -0.847877 0.334347 0.987012 -0.727594 0.498108 0.372557 -0.176139 0.051338 0.244787 0.785093 0.058912 -0.266260 0.005672 0.597429 -0.743735 0.957223 
-0.511660 -0.841088 0.675473 0.801466 0.425799 0.356318 -0.820388 0.078914 -0.855611 -0.297666 0.711264 -0.346135 -0.036832 0.607192 0.962727 -0.339746 0.375616 0.066955 -0.074024 -0.109827 0.345764 -0.682934 0.269449 0.781242 -0.717272 -0.530057 0.491291 -0.203522 0.514429 -0.090346 0.673041 -0.878551 -0.437677 -0.324397 -0.103072 -0.470878 0.319944 0.284093 -0.127714 -0.865893 
-0.235314 -0.343097 0.050125 -0.381743 -0.877779 -0.630946 0.416367 -0.599788 0.396271 0.256299 0.128771 0.763173 -0.685418 0.039838 0.041091 0.102252 0.814219 0.119368 -0.643726 0.324375 -0.440759 0.298709 0.683398 0.678814 -0.020420 -0.337521 -0.704221 0.356280 -0.870621 -0.380310 0.609419 -0.755659 0.170901 -0.104326 -0.136460 -0.375392 -0.385692 -0.004729 0.317711 0.638459 
0.126903 0.865816 0.528021 -0.691111 -0.756136 -0.860825 0.509668 -0.167927 0.004726 -0.869438 0.045624 -0.373720 -0.088097 -0.711603 0.401621 -0.439212 0.416112 0.507683 0.114545 0.694502 0.672360 -0.964349 -0.534059 -0.893893 0.690542 0.260322 -0.370723 0.888372 0.881794 0.605718 -0.871689 -0.812671 0.342076 0.050986 0.558589 0.053300 0.091876 0.224570 0.592702 -0.031304 
-0.923668 0.602255 -0.695376 0.504650 0.209903 -0.922042 -0.490756 0.007586 0.024548 0.770540 0.897772 0.608212 0.629542 0.297646 0.967007 0.541566 -0.300058 -0.683445 -0.289901 0.089163 0.527218 -0.989860 0.314675 -0.472798 -0.715497 -0.391863 0.336991 -0.881250 -0.369730 -0.198638 0.729393 0.358653 0.139408 0.759529 0.797056 0.376449 -0.555527 0.847512 -0.960388 0.441702 
0.308323 0.249951 -0.713497 0.099811 -0.501876 0.415393 -0.695318 -0.964121 0.325364 -0.005158 0.478632 -0.385768 0.398117 -0.830381 -0.436096 0.075293 0.210509 -0.135161 0.821825 0.110896 -0.943228 -0.599009 0.858197 -0.409953 -0.007470 -0.606657 -0.940244 -0.355052 0.248566 0.160080 0.026519 -0.765563 0.110691 -0.892843 -0.609041 0.560367 0.586339 -0.525014 -0.099606 -0.040145 
-0.001623 0.472886 0.998321 -0.319279 -0.939107 0.618419 -0.101650 0.618531 0.035305 0.146571 0.270428 -0.011477 -0.802065 0.434947 -0.678903 0.648722 0.372117 0.702504 -0.092599 -0.913299 -0.353441 -0.131631 0.770850 -0.446809 -0.487588 -0.845220 -0.991530 0.746388 -0.697913 0.201994 -0.699991 0.671338 0.967577 -0.063656 0.883903 0.583089 -0.545320 0.825524 -0.112768 0.739977 
0.062395 0.124019 0.050491 -0.086452 0.644266 0.412028 0.509808 0.228639 0.136892 -0.258511 0.712858 0.571464 -0.820178 -0.928809 0.393047 0.714047 -0.363136 -0.371348 -0.648822 0.243333 0.260531 -0.909951 -0.900487 -0.196116 0.683344 -0.647162 -0.702587 0.949873 -0.744764 -0.585700 -0.684489 0.060405 0.770698 -0.522271 -0.853317 0.768641 -0.917833 -0.181775 -0.965456 0.273262 
0.537896 -0.453757 0.654959 0.750884 -0.052078 -0.944852 -0.386328 0.744082 0.774060 0.854256 0.827723 0.873640 -0.792469 0.156639 -0.075552 -0.693585 -0.091249 -0.145139 0.340984 -0.460058 -0.175713 0.818432 0.552606 -0.985210 -0.069132 0.365298 -0.174857 -0.080981 -0.727789 0.536831 -0.511326 -0.774985 -0.902176 0.564523 -0.746171 0.961582 -0.931433 0.429017 0.899568 0.791721 
0.522905 -0.383467 0.656861 -0.980065 -0.670116 0.382675 0.085454 0.408363 -0.838861 0.024245 0.980360 -0.052792 -0.125919 0.517037 -0.327146 -0.041265 0.239329 -0.242653 -0.486220 0.789656 -0.951417 0.143072 -0.765563 0.499123 -0.135311 0.810883 0.529201 0.929830 -0.556385 0.845213 -0.682386 0.487218 0.005951 -0.175397 -0.349264 0.141502 -0.021497 0.706131 0.921947 -0.265038 
0.062698 0.183380 -0.825242 -0.263826 -0.922846 -0.701405 0.685730 0.489736 -0.991522 0.195145 0.249976 -0.691612 0.221043 0.664743 0.471281 0.168952 0.172381 0.770486 -0.503738 0.998814 0.315898 0.616172 -0.973269 0.766949 0.645304 -0.394147 -0.589706 0.486852 -0.749379 -0.427763 0.097645 0.969463 0.936706 -0.491185 -0.697001 0.887148 -0.565584 -0.193148 0.817125 0.972410 
-0.755987 -0.108036 0.481012 -0.734298 0.439589 0.221682 -0.605556 0.124570 -0.804352 0.316943 0.350830 0.601257 0.977240 -0.439802 0.743564 -0.780700 0.451362 -0.908310 0.619357 -0.623697 -0.416854 0.039758 0.011344 0.132871 0.277831 -0.144334 -0.311572 0.449063 -0.815346 0.019886 -0.708760 0.678873 -0.332308 -0.695871 0.807626 0.672981 -0.241058 -0.880715 -0.839988 0.269712 
-0.385031 0.808897 -0.585506 0.326074 0.234990 0.634918 0.979088 0.394316 -0.930161 -0.019339 0.032291 -0.751296 -0.426403 0.115197 -0.853111 0.360746 0.265219 0.562036 -0.516377 0.915611 -0.696878 -0.115929 -0.759957 -0.671066 -0.435759 0.791301 -0.983469 -0.819225 -0.232732 -0.632672 -0.332660 -0.329085 0.563506 -0.269213 -0.038067 0.245532 0.793426 0.069127 -0.341623 0.138730 
0.123889 0.849019 -0.744637 -0.198083 0.932471 0.066977 -0.015988 0.919398 0.010433 -0.641599 -0.057773 -0.755193 0.403687 0.522955 -0.519897 -0.770317 -0.738449 0.452100 -0.154336 0.546695 0.739644 0.264366 -0.164092 -0.710633 0.263532 -0.731524 -0.014464 0.550999 0.801021 0.901936 -0.790878 0.745130 0.679964 0.976046 -0.864813 0.762766 -0.803006 -0.774417 0.324116 -0.155404 
0.870255 -0.025048 0.885713 -0.374150 0.084926 0.851050 0.199082 0.342835 0.566500 0.202310 0.478744 0.557675 -0.349938 -0.719518 0.137126 -0.547453 -0.398127 0.141108 -0.807110 -0.288579 -0.714236 -0.441546 -0.968658 0.037233 0.485977 0.139005 0.190376 0.808798 0.854683 -0.693209 -0.180391 -0.551515 0.834659 0.362090 -0.568701 -0.924504 0.098316 0.955024 -0.357487 0.931624 
-0.351066 0.808266 -0.219254 -0.834353 0.319105 -0.400219 0.621874 0.721876 0.670600 0.058517 0.819152 -0.121458 -0.764113 0.957405 -0.109273 0.223762 0.223400 0.097620 -0.028795 -0.364844 0.511376 -0.541245 0.853364 0.740472 -0.763629 -0.997474 -0.835117 -0.545223 -0.522772 -0.725291 -0.909049 0.571529 -0.538956 0.247899 0.830331 -0.756831 0.139991 0.841202 0.578049 -0.909273 
0.926770 0.542395 0.531604 -0.212970 -0.396145 0.884273 0.333690 0.198255 0.537988 -0.318385 0.871147 -0.460916 -0.981181 0.317427 0.215345 0.716817 0.488625 -0.802213 -0.142009 -0.766030 -0.040192 0.050745 -0.038599 0.696807 0.840562 -0.730421 -0.844822 -0.012352 -0.116369 -0.659315 -0.827005 0.960097 -0.961045 -0.119467 0.719324 -0.331981 -0.024811 0.981073 -0.299887 -0.802360 
0.146409 0.907244 -0.265150 -0.361995 0.786906 0.864054 -0.938758 0.589661 -0.971255 0.477493 0.911823 -0.444278 0.874914 -0.002178 0.597337 0.704730 0.133813 -0.693812 0.311585 0.331800 -0.925614 0.677447 0.803166 -0.810483 -0.626643 0.851612 -0.863876 0.152384 -0.210241 0.519462 0.575458 0.227796 -0.319717 0.154444 0.636193 0.503565 -0.483556 -0.784450 0.668038 -0.680705 
-0.127419 -0.944549 -0.559636 -0.968991 -0.059581 0.136658 0.444595 0.879879 -0.778507 -0.869553 -0.007531 -0.985020 0.211816 0.207071 -0.566169 0.154243 0.538137 0.757503 -0.521795 0.673694 -0.686608 -0.305175 0.987603 0.379898 -0.970784 0.989772 0.883723 0.874580 -0.947288 0.785579 0.306232 -0.866435 0.252347 0.264136 0.376339 0.176761 -0.128981 0.229968 -0.072969 0.384532 
-0.863663 0.981115 0.165894 0.944473 -0.608227 -0.989623 0.987743 -0.251713 -0.542274 0.919256 0.469866 -0.083910 0.752923 -0.135398 0.493754 0.318743 0.134660 0.405135 0.425500 -0.556744 0.361502 -0.605371 0.449670 0.491773 0.995664 0.220981 -0.994022 0.853984 -0.205536 -0.686241 -0.180454 0.208696 0.664329 -0.003457 0.529997 -0.964216 0.136874 0.871857 -0.011969 0.540725 
0.408922 0.616788 -0.946389 -0.541822 0.452732 -0.622452 -0.567654 0.691916 -0.312318 -0.100740 0.852275 0.707693 0.010300 0.743092 0.278013 0.070359 0.935488 0.780349 -0.686936 -0.732845 -0.506560 -0.947665 -0.374652 -0.487558 0.924993 -0.389906 0.106637 0.021594 0.713520 -0.059499 0.684476 0.260417 -0.405551 0.356816 0.906158 0.239060 0.462178 -0.539248 0.277130 -0.641816 
0.348198 -0.054378 0.966859 0.413494 -0.610447 0.137645 -0.841622 -0.123612 0.085277 -0.449901 -0.569671 0.309243 0.973868 0.215972 -0.222450 -0.142636 0.220232 -0.806641 -0.680413 0.812708 -0.056341 -0.371721 0.216444 0.309456 -0.182665 -0.578526 0.630996 0.641897 0.712591 -0.410702 0.074680 0.383785 -0.630941 0.666618 0.863222 -0.896086 -0.904352 0.398540 -0.960718 -0.145505 
0.270196 0.062517 0.758611 0.094902 0.348811 -0.033854 -0.720336 -0.653469 -0.799581 -0.837394 -0.237161 -0.568677 0.115840 -0.474125 -0.442544 -0.778698 -0.980885 -0.204250 0.997539 -0.862037 0.206553 -0.294754 0.780691 -0.978201 -0.792213 -0.959789 -0.731115 -0.219890 0.882679 0.999411 0.491824 0.308378 0.051814 -0.265389 0.440949 -0.952960 -0.550170 0.735199 -0.253151 0.914271 
0.249958 0.162714 -0.014747 -0.512636 -0.871397 0.713576 0.848908 -0.432462 0.297963 0.908999 0.564307 0.244705 0.221614 0.594110 -0.563273 -0.390073 0.263861 0.233776 -0.992059 -0.966994 0.696440 0.818304 -0.741036 0.383410 0.620698 -0.909498 -0.474691 -0.427395 0.275114 0.169360 0.701431 -0.158816 -0.968288 -0.967767 0.968266 -0.071826 -0.651365 -0.650875 -0.975861 0.606651 
0.103235 -0.984503 -0.697412 0.364559 0.734284 -0.293169 -0.803389 0.504544 0.596953 -0.695942 -0.734618 -0.582804 -0.946182 0.543952 -0.648682 -0.898156 -0.503366 -0.013848 0.604202 0.331010 -0.236737 0.355909 0.933252 -0.695871 -0.994604 -0.290139 0.561159 0.445288 0.335318 0.331279 0.975318 -0.836653 -0.415808 0.128394 -0.394602 0.977883 -0.681065 0.141153 -0.846120 -0.704425 
-0.967522 -0.688261 0.614914 0.766600 -0.230575 -0.263668 -0.232877 0.401380 -0.642283 0.200376 0.266267 0.465240 -0.089447 -0.577535 0.623028 0.744215 0.304774 -0.456432 0.449173 -0.879693 -0.227980 0.780449 0.616668 0.801065 0.817286 -0.743881 0.249023 0.717255 -0.211920 0.589179 -0.603031 0.439450 0.641343 0.872138 0.326513 0.706401 -0.736347 -0.867507 0.870056 -0.555216 
-0.495155 0.502375 -0.726322 -0.838465 0.129220 -0.293134 0.643029 -0.148968 -0.528202 -0.950589 -0.005939 0.414664 0.290123 0.273236 0.725658 -0.991320 -0.495203 0.601557 0.760980 0.367233 0.578808 -0.509903 0.757629 0.922527 0.234687 -0.036310 0.798451 0.374429 0.055429 0.336490 -0.793334 -0.527865 -0.337570 0.375822 -0.872938 -0.598398 -0.165387 -0.541554 -0.081402 0.963559 
0.850961 -0.174981 -0.172526 -0.581052 0.506268 0.262540 -0.556196 0.371888 0.635567 0.466412 0.697036 0.046279 0.114335 0.306172 -0.321005 0.498920 -0.614211 0.056940 -0.628503 0.872151 -0.769530 0.756844 -0.582597 -0.329988 0.965911 0.519153 -0.676888 -0.345887 -0.509491 0.847536 0.768866 -0.562206 0.798959 -0.895735 -0.632953 0.450532 -0.685196 -0.946878 -0.203668 -0.420500 
-0.556839 -0.798233 0.845190 0.818985 0.552175 -0.538686 -0.227824 0.708817 0.436721 0.360096 -0.700724 0.498284 -0.841029 -0.886769 -0.902899 0.826642 -0.339095 0.737524 0.561304 -0.415634 0.370182 0.678952 0.701054 -0.689180 0.034842 -0.599680 -0.417873 0.769124 -0.979740 -0.767447 0.165205 -0.559495 -0.564520 -0.873990 0.280022 -0.434255 -0.004839 -0.449292 0.859243 -0.152279 
0.273576 -0.403860 0.893795 -0.608255 0.983926 0.610682 0.538224 0.274795 -0.553351 0.870585 -0.249063 -0.921645 -0.276940 -0.628494 -0.315855 0.861661 0.691631 -0.836101 -0.607094 -0.610308 -0.240812 0.937547 -0.771217 0.447901 -0.311473 -0.153453 0.226778 -0.469336 0.176038 -0.887693 -0.259061 0.347496 -0.673250 -0.235105 -0.298348 0.544745 -0.940914 -0.803426 -0.550736 0.498564 
-0.979401 0.932644 -0.083165 -0.018265 -0.423304 0.331614 0.885048 0.180057 0.031946 0.425678 0.520141 -0.628921 0.959204 0.949170 -0.804300 -0.645933 -0.752113 -0.248505 -0.897631 0.670725 0.186301 -0.909574 0.959687 0.612921 0.234293 0.506255 0.933408 -0.614505 -0.099588 -0.113799 -0.319393 -0.152054 -0.180583 0.381287 -0.946691 -0.565747 -0.175918 -0.162279 -0.560140 0.233296 
-0.497361 0.863649 0.748521 0.074118 0.461772 0.065732 0.050719 0.973882 0.614771 -0.574647 -0.114580 -0.307616 0.862597 -0.997346 0.274931 -0.425916 -0.084050 0.714273 0.962631 0.634607 0.840703 -0.867280 0.510718 0.666072 -0.092237 -0.951112 -0.716515 -0.792505 0.110510 -0.838364 0.537128 -0.904584 0.138800 0.440718 -0.137238 0.729632 0.174919 0.158618 -0.735530 -0.138539 
-0.644423 -0.363066 -0.601605 0.030409 0.767598 -0.240405 0.500522 -0.075550 0.359634 0.935380 0.595653 -0.104458 -0.199621 -0.597018 -0.149524 -0.892221 0.811190 0.841540 -0.697653 0.290933 0.943146 0.638059 0.587412 0.532235 -0.444016 0.501876 0.846495 0.196106 -0.835970 0.477818 -0.748912 -0.235087 -0.646937 0.777376 0.131156 0.899707 0.546746 0.483912 0.167215 -0.504620 
-0.834808 -0.753652 -0.397194 -0.211524 0.408315 -0.402766 -0.495520 -0.199887 -0.719061 -0.962539 0.351228 -0.847355 0.639523 -0.559951 0.670612 -0.427377 -0.623799 -0.775790 0.687027 -0.173935 -0.584577 -0.056826 -0.314298 0.913265 -0.959512 0.370567 -0.949682 0.115595 0.158611 -0.420370 -0.100675 -0.741928 0.577171 0.197937 0.598195 -0.129304 -0.881982 -0.832035 0.677552 0.631749 
0.879418 -0.624757 0.126778 -0.786604 0.179234 -0.638679 -0.768651 -0.680605 0.675769 0.855721 -0.287813 0.104659 -0.284620 0.928740 0.876549 0.125313 -0.288466 0.358514 -0.527263 -0.478029 0.686524 0.774725 0.397665 -0.653843 0.440145 0.860890 -0.823076 -0.614362 -0.824447 -0.665738 0.213697 0.049437 -0.198754 0.440864 -0.125845 -0.490871 0.302226 -0.231006 0.085527 0.933112 
-0.639716 0.090654 -0.512696 0.281363 0.888689 0.643117 -0.787616 0.833232 -0.635317 0.590927 -0.130695 -0.194139 0.501674 -0.725125 -0.730370 -0.556101 0.030405 0.831705 0.955617 0.614938 0.222099 -0.738867 0.737469 0.195155 0.285022 -0.308568 -0.353768 0.591259 0.709294 0.190092 -0.621210 -0.961806 -0.294666 -0.469936 -0.427092 -0.821564 0.932591 -0.648509 -0.255947 -0.078984 
-0.412694 -0.869105 -0.747541 -0.490530 0.569641 0.608262 0.732893 0.988095 0.948978 -0.441204 0.120859 0.071119 0.039997 -0.613329 0.508952 0.688047 0.686462 -0.682864 0.565647 -0.932676 -0.756828 -0.809872 -0.233386 0.945446 -0.954463 -0.895681 0.013646 -0.433983 0.957405 0.795508 0.687537 -0.329935 -0.937243 -0.319875 0.589729 -0.684103 -0.338142 0.060988 0.354139 -0.718795 
-0.601897 -0.578062 -0.511469 0.979394 -0.319339 -0.727508 0.762049 -0.808173 -0.592495 0.571469 -0.689087 -0.525275 0.454743 -0.520531 0.164304 -0.372665 0.362348 -0.529238 0.299033 0.302975 0.780440 -0.901966 -0.280656 0.712390 0.507962 -0.486201 0.805458 -0.102100 -0.052555 0.695066 -0.222082 0.225347 0.366471 -0.683927 -0.413524 0.487542 0.462196 0.506040 -0.174016 -0.867569 
-0.023592 -0.239639 -0.979635 0.169566 -0.322958 -0.524750 0.534106 0.072003 -0.055118 0.334431 -0.414824 -0.520424 -0.935028 -0.984504 0.014556 0.033003 -0.734394 0.535761 0.065141 0.451393 0.263919 0.405726 0.702222 -0.756833 0.186665 0.550498 0.166033 -0.485160 0.728840 -0.835711 0.068914 0.515184 0.168764 0.309331 -0.123822 0.081226 -0.532319 -0.911858 -0.696161 0.696126 
0.604210 -0.838082 0.882674 0.425241 -0.572525 0.281510 -0.513642 -0.581779 -0.600499 -0.708655 0.790503 0.877577 -0.424610 -0.964924 0.918418 0.059001 0.416235 0.425812 -0.474024 -0.373036 0.919702 -0.917406 -0.862073 0.361112 0.691621 -0.703014 -0.806780 0.694819 0.033298 -0.562438 0.936686 0.914934 0.789776 0.588165 -0.422935 -0.316754 -0.228899 -0.041360 -0.583496 0.062832 
-0.104824 -0.258353 -0.224715 0.976693 0.766039 0.129234 0.127609 0.699881 0.620715 -0.723517 0.913507 0.828377 0.750793 -0.080364 -0.345171 0.123050 -0.285695 0.875170 0.281605 0.956145 -0.071623 0.711090 0.144075 -0.072983 -0.658121 -0.058805 -0.441988 0.160823 0.359041 -0.541972 0.280867 -0.932555 -0.840044 -0.555084 0.218382 -0.957613 0.221195 0.653230 0.158486 0.223333 
-0.762094 0.565789 0.118037 0.283040 -0.786696 -0.523874 -0.420762 -0.403627 -0.970210 -0.771041 0.818986 -0.047078 -0.106513 -0.569961 -0.950077 -0.109432 0.923551 -0.407289 -0.898709 -0.886955 -0.544905 -0.259569 -0.979019 0.609774 -0.447012 -0.043516 0.371604 0.132505 0.438229 -0.960110 -0.435860 0.406642 -0.660622 -0.516921 -0.045773 -0.927533 -0.234856 -0.950692 0.163200 -0.198491 
-0.105901 -0.593945 0.559425 0.705383 -0.386285 -0.550110 -0.443756 -0.675742 -0.397022 -0.029218 0.711574 -0.132526 -0.257336 0.762639 0.049386 0.597740 0.078690 -0.912853 0.723935 0.087494 0.176384 -0.503604 -0.911281 0.711914 -0.148046 0.855892 0.546256 -0.969229 -0.869212 -0.537579 0.485787 -0.544450 0.410763 -0.951700 0.176391 0.484070 0.104289 0.626408 0.281450 -0.816649 
0.864064 0.866574 -0.216286 -0.516249 0.077022 -0.644369 -0.200006 -0.415635 -0.010306 0.437225 -0.080160 -0.030025 0.094171 0.149880 -0.127469 -0.427935 -0.250458 0.559929 -0.228546 0.542041 -0.976517 -0.370220 0.905068 -0.091355 -0.657384 -0.963286 0.108935 0.497976 0.045177 -0.116145 0.397443 -0.426427 -0.815900 -0.972516 -0.396241 0.845323 0.658759 0.593013 -0.318227 -0.778495 
-0.777921 0.599818 0.958071 -0.354052 0.128790 0.006906 0.533352 -0.661434 0.432332 0.875563 -0.540149 0.603221 -0.743499 0.808932 0.898290 0.869973 0.636127 0.767459 -0.447594 0.166438 -0.934237 -0.031174 -0.224415 0.870405 0.714849 0.418921 -0.248421 0.709288 0.442700 -0.212335 0.190433 0.608991 0.537607 0.401624 -0.697780 -0.744942 -0.129413 -0.818144 0.610216 -0.819483 
-0.253762 0.082437 -0.563899 0.448301 -0.665012 -0.678367 -0.927712 -0.014531 -0.690786 0.224241 -0.962581 0.478661 -0.484056 0.749521 -0.530667 -0.825621 0.501270 -0.323918 -0.346882 0.607693 -0.152226 -0.539555 0.533229 -0.027229 0.839134 0.525591 -0.773680 -0.357429 -0.567960 0.868881 -0.278184 -0.117979 -0.355861 0.011684 0.793579 0.366250 0.957236 0.577110 -0.659212 -0.580532 
-0.299313 -0.638621 0.700563 0.981819 0.189158 -0.535866 -0.666533 -0.040899 0.554628 0.197906 -0.919447 0.852268 -0.666883 -0.800988 0.501135 -0.029003 -0.600467 0.155109 0.743698 0.721280 0.085229 -0.382331 -0.946998 0.730060 -0.298096 -0.728492 -0.721208 -0.308466 -0.218153 0.894666 -0.293453 0.166935 0.129873 0.449755 -0.988047 0.763707 -0.535715 -0.221725 -0.904529 -0.903621 
-0.377935 0.726973 -0.320387 -0.830582 -0.703649 -0.140868 -0.292261 -0.334489 -0.331390 -0.329352 -0.493503 -0.153591 0.536956 -0.873764 0.253709 0.358944 0.793991 0.303479 -0.323050 0.129272 -0.700883 0.630264 0.597327 0.649450 0.960694 0.378479 -0.794898 -0.106203 -0.200721 -0.981719 -0.782469 0.607333 -0.701510 -0.429456 0.569328 0.042241 0.735034 -0.995416 -0.393475 -0.998779 
-0.710849 0.167329 -0.361265 0.719148 -0.754552 0.203572 0.759161 0.480857 0.895181 0.169812 -0.316221 0.395290 0.130145 -0.562920 0.516696 0.797235 -0.869481 -0.553543 -0.223553 0.575434 0.989325 0.555556 -0.414746 -0.899478 -0.831046 -0.362226 0.593599 0.253434 -0.626599 0.903182 -0.886869 -0.590132 0.007622 -0.351740 0.253423 0.271065 0.319315 -0.046672 0.416986 0.296236 
0.363096 -0.154890 -0.523977 -0.312459 -0.085076 -0.225957 -0.261389 0.307019 -0.228492 -0.766349 -0.114202 -0.075027 0.704559 -0.562556 0.729863 -0.892653 0.307787 0.549440 -0.966724 -0.613430 -0.029436 0.829226 0.617166 -0.978198 -0.415479 -0.189405 -0.093745 0.587002 -0.592465 0.813604 0.321540 0.131608 0.474047 -0.227465 0.748013 -0.736497 -0.929065 0.783950 0.107957 0.549691 
0.204482 -0.696941 -0.433903 0.051759 0.901369 -0.255347 0.808347 0.292297 -0.975317 0.576836 -0.732417 -0.582063 0.821195 0.219819 0.852632 0.778654 0.732394 -0.205758 -0.278671 0.756233 0.461242 0.614119 0.395157 -0.133811 -0.681797 0.826446 -0.458976 0.625031 -0.174589 -0.267122 -0.769887 0.547964 0.547388 0.625221 0.391981 0.233425 0.424390 -0.780069 -0.520919 0.994693 
-0.783725 0.466120 0.509444 0.101406 -0.133698 0.028864 -0.365436 -0.599266 0.054385 -0.864897 -0.800695 0.139313 -0.761045 -0.468863 0.686443 -0.395901 0.203869 0.602608 -0.681848 0.453821 -0.103355 0.775188 0.004019 0.765518 0.503386 0.548657 0.930535 -0.063294 0.249457 0.624337 -0.907246 -0.640316 -0.739292 0.852795 -0.544882 0.116315 -0.497505 -0.033758 0.869637 0.063822 
-0.562361 0.881301 -0.814763 -0.357163 0.586368 0.218058 0.569479 0.139322 -0.150266 0.582738 -0.793199 0.926706 0.267531 -0.555155 0.471020 -0.208417 0.828972 -0.037130 -0.286304 0.976038 -0.702120 0.508333 -0.569810 -0.493875 -0.999532 -0.487497 0.612556 -0.303056 -0.858230 -0.462566 -0.128389 -0.170477 -0.658349 -0.122201 -0.300672 0.148802 -0.353369 0.308594 -0.557862 -0.579605 
0.510452 -0.816014 0.801661 0.521380 0.870513 0.083783 0.051219 -0.701832 -0.398662 0.800648 -0.312298 0.804458 0.598143 -0.017610 -0.647501 -0.583138 -0.494985 0.659374 -0.290747 0.917232 -0.503870 0.641541 0.663324 -0.521246 -0.971284 -0.929685 -0.720481 0.968469 0.066464 -0.412148 0.629784 -0.851092 -0.098574 -0.513885 0.972354 0.146368 -0.139536 -0.420312 0.834429 -0.018291 
-0.587994 -0.766712 0.799530 -0.147918 0.534325 -0.742101 -0.964242 -0.599679 0.379771 0.629426 0.111240 0.617066 -0.497016 0.314118 -0.735549 -0.187393 0.852254 -0.328371 -0.746538 0.428059 -0.776201 0.595519 -0.659710 -0.994652 -0.154203 -0.148731 -0.164979 0.324468 -0.502125 -0.259958 0.538243 0.012807 -0.816897 -0.063278 -0.396322 0.101476 -0.501882 0.362719 0.327079 -0.732213 
-0.764996 0.451390 0.105114 -0.968786 0.859857 0.196213 -0.053081 0.955682 0.665364 -0.023568 -0.300086 0.686543 0.259438 0.875727 0.639765 -0.440503 -0.716218 -0.182234 -0.408886 0.163232 0.300391 0.057563 0.500815 0.345058 0.786749 0.331100 -0.304935 -0.303721 0.155638 -0.980964 -0.843747 0.008116 0.408860 0.078036 -0.153037 -0.344178 0.406233 0.435608 0.739373 -0.262183 
0.179952 -0.455833 0.660730 0.224076 0.844536 -0.362006 -0.541650 -0.338618 -0.409963 -0.085442 -0.743035 -0.704478 -0.210917 -0.447285 0.677810 0.825439 -0.510910 -0.674921 0.250114 -0.386566 -0.384776 -0.177175 -0.067834 -0.611558 0.639281 0.313035 0.231839 -0.094938 -0.286465 -0.184232 0.240109 0.561120 0.437972 -0.899541 0.168717 -0.650617 -0.129785 -0.748240 -0.564453 0.810320 
-0.567384 -0.967944 -0.910323 -0.142312 -0.363695 0.656622 0.364115 0.204679 -0.392901 0.202264 -0.420491 0.755587 0.491576 -0.910910 -0.000767 0.844324 0.263898 -0.693624 0.935101 -0.483980 -0.644397 -0.143336 0.860323 -0.610100 -0.321825 0.063243 0.679533 -0.446586 0.012275 -0.029815 -0.923531 -0.698359 -0.360160 0.945483 0.847535 0.558437 0.584349 0.431665 0.274313 0.711162 
-0.639778 -0.717090 0.248279 0.432671 0.519159 -0.414407 -0.096036 -0.117262 -0.877324 0.786757 -0.269968 0.896503 -0.581845 -0.439031 0.586040 0.060457 0.800993 -0.710517 0.159285 0.635056 -0.424396 0.450161 -0.545179 -0.398377 -0.833740 0.586334 0.365672 -0.206347 0.944548 0.884218 0.274364 0.864860 0.353519 0.755517 -0.132728 0.382931 0.013312 -0.404401 0.954177 0.745553 
-0.067100 -0.657954 -0.476781 0.987113 0.210888 0.571225 0.899004 -0.633259 -0.593797 0.933010 -0.352516 -0.411533 0.567222 -0.567549 -0.212697 0.859528 -0.279310 0.712105 0.596936 0.807994 -0.192333 -0.756198 -0.878621 0.578135 0.904310 0.016040 0.753726 0.001744 -0.801075 0.534025 -0.977949 0.466840 -0.345808 -0.042468 0.810130 0.602433 0.214372 -0.575486 -0.601777 0.496897 
0.978647 -0.971916 -0.173806 0.990908 -0.651378 0.026431 0.242651 0.714951 0.609474 0.721353 0.751461 -0.218382 0.560542 0.902009 0.019368 0.413193 0.078189 -0.578481 0.723864 -0.873384 0.689315 -0.222840 0.415059 0.314835 -0.823251 0.259373 -0.250794 0.328316 0.329085 0.989023 0.910187 -0.547344 0.070115 0.664272 0.226929 0.652480 -0.469668 -0.562718 -0.127354 -0.213312 
-0.105787 -0.362900 -0.196612 -0.160382 0.476464 0.046405 -0.187698 0.107219 0.919914 -0.949353 0.973852 -0.386069 0.691022 0.441942 -0.031136 0.636854 0.081598 -0.584409 0.477949 0.088461 0.015644 0.452997 -0.889665 0.385353 -0.312422 -0.962906 0.815566 0.542295 0.495241 0.246033 -0.637174 0.596273 -0.053097 0.548613 0.950401 -0.449734 0.583261 -0.499612 0.862080 0.630531 
-0.262666 -0.949806 -0.030244 -0.039195 -0.794149 0.576827 -0.187109 0.537269 0.433121 -0.347184 -0.411843 0.566284 0.589907 0.333325 -0.028233 0.330713 0.928142 -0.097278 -0.069248 0.894578 -0.035134 0.826297 0.171125 -0.400976 0.705223 -0.599557 -0.309256 -0.735327 -0.157542 -0.208731 -0.512307 0.662006 -0.943293 0.063335 -0.032041 -0.275855 0.065790 -0.645914 -0.300986 -0.855316 
0.308789 -0.189749 -0.185856 0.345831 -0.761430 -0.913838 -0.109063 -0.108103 0.416172 -0.461736 -0.300602 -0.400222 0.860019 0.246177 -0.370495 0.623987 0.427536 -0.519438 0.383433 0.265931 -0.032861 0.724388 -0.082080 -0.946895 -0.756014 0.142315 -0.782770 -0.179131 -0.390194 0.449024 0.170690 -0.414299 0.989971 -0.340010 -0.619975 0.784389 0.754194 0.350268 0.088340 0.635936 
0.426425 0.697965 -0.204337 0.444710 -0.451683 -0.729340 -0.580708 0.520088 -0.545180 0.090552 0.575904 0.770386 0.021773 -0.260506 -0.747977 0.670473 0.616960 0.713625 -0.241254 0.533455 0.582702 0.542100 0.510344 -0.652774 -0.002811 -0.958684 0.258622 -0.477750 -0.281584 -0.420451 0.814780 -0.526942 -0.517585 0.392760 -0.083008 -0.014279 -0.283116 0.186695 -0.503181 0.377742 
0.087959 -0.902557 0.631173 0.797674 -0.903454 0.882513 -0.520669 -0.241186 0.568464 0.663184 0.886510 -0.108809 -0.492573 0.423197 0.350871 -0.295444 0.694059 0.367486 0.840690 -0.511441 -0.618599 -0.971989 -0.831562 -0.183907 0.051208 -0.498173 -0.009882 0.960732 0.350756 -0.865216 -0.755437 -0.749655 0.855443 -0.675178 0.606003 -0.394569 0.826144 0.796642 -0.818507 0.310060 
-0.837888 -0.603875 -0.863681 -0.662373 0.519125 0.386004 0.105350 -0.658945 0.850325 0.379164 -0.411765 -0.931848 -0.034120 -0.458011 0.191464 -0.175187 -0.629975 0.032785 0.665358 -0.398194 -0.587742 0.441340 0.943836 -0.317978 -0.844576 -0.241994 -0.606863 -0.698129 0.658567 -0.378724 -0.842793 -0.739833 -0.788630 -0.959260 0.887741 -0.906220 0.960950 -0.652037 0.146794 0.703678 
-0.316118 -0.900827 -0.536769 -0.575479 0.367910 -0.141335 -0.191743 -0.202097 0.132088 0.037848 0.337580 0.607518 0.917536 0.744307 0.001701 0.822967 -0.054400 0.600051 -0.234312 -0.617819 -0.497806 -0.693973 0.589769 0.764793 -0.279794 0.081017 -0.844815 0.364327 0.693324 -0.941640 0.814350 0.836952 -0.807083 -0.207242 -0.963132 -0.486300 0.549704 0.980340 -0.848859 0.992055 
-0.165280 -0.520285 -0.395308 0.429512 -0.964511 -0.923473 0.034454 0.619576 0.815627 0.498822 -0.029159 -0.111553 0.525879 0.287492 -0.789675 -0.168751 -0.126518 -0.007438 0.708992 0.765713 -0.325395 0.450074 0.985399 -0.616482 0.691014 0.205081 0.102537 -0.048821 -0.158024 0.376341 -0.177031 -0.741218 0.196262 0.008801 0.252482 -0.348378 0.203379 -0.630982 -0.195284 0.974353 
0.443626 -0.073680 0.299453 0.132996 0.189640 0.345844 -0.326530 0.912045 -0.382850 0.860866 -0.631674 -0.483945 0.536844 0.492507 0.158549 0.022746 0.082047 -0.730430 -0.445803 -0.814458 0.672538 -0.939824 0.785832 0.877541 0.503054 0.484283 -0.506595 0.086279 -0.569748 0.341150 0.453828 -0.368573 -0.613069 0.498733 -0.716144 -0.155503 0.297743 -0.663819 -0.710886 -0.603630 
0.121174 0.396200 -0.866043 -0.086854 -0.995839 -0.946056 0.742021 0.470212 -0.493326 -0.718669 -0.375841 0.750384 -0.575853 -0.189868 -0.531067 -0.914218 0.557736 0.092171 0.533900 0.030150 -0.455096 -0.018682 -0.213817 0.306216 0.621250 -0.950881 -0.909093 0.718468 0.603248 0.190550 -0.430681 0.064141 -0.335787 -0.400732 0.058612 0.010840 -0.464877 0.257470 0.918711 -0.211624 
0.583038 0.434247 -0.551488 -0.762524 -0.596688 0.264017 -0.440250 0.858162 0.428984 0.972409 0.612912 0.711525 0.011455 0.936580 -0.347372 -0.995984 0.750241 -0.338706 -0.831964 -0.951231 0.401191 0.502360 -0.700192 -0.706549 -0.431153 -0.952397 0.113484 0.429468 -0.488409 0.224505 -0.674209 -0.171559 -0.114597 0.088189 0.350338 -0.369463 0.363240 -0.379605 0.707174 0.100524 
0.821122 -0.739886 -0.999944 0.554037 -0.035463 0.022994 -0.956795 -0.089656 -0.714859 -0.857486 0.862607 -0.233004 -0.308455 -0.874070 0.242826 0.560093 0.000534 -0.983682 0.965316 0.116967 0.229460 0.410826 0.625082 0.254898 0.215286 -0.766039 0.265475 0.597232 0.709826 0.295976 0.562644 -0.308087 0.885343 0.094033 -0.004549 0.248090 -0.133679 -0.596838 0.245713 -0.557802 
0.248692 0.167160 0.481080 0.365013 -0.588699 0.768338 0.000685 -0.365212 0.359301 -0.860846 -0.179859 -0.437234 0.354731 0.707361 0.462825 0.393686 -0.174309 0.416507 -0.021076 0.585572 0.793275 -0.268875 0.048183 0.155504 -0.616395 -0.562717 -0.242624 0.431008 -0.146257 -0.853199 -0.752254 -0.895817 -0.222498 -0.900729 0.202054 -0.784492 -0.589725 0.748427 -0.388649 -0.302536 
0.970961 0.349953 -0.115402 0.051379 -0.495713 -0.112809 0.637148 -0.323364 0.875195 0.619807 0.391015 -0.063648 0.768908 0.256361 -0.280562 0.756262 -0.552616 -0.897218 0.657533 -0.654709 -0.121715 0.922358 0.486050 0.838624 -0.789942 0.001190 0.699461 0.041564 0.682271 0.987102 0.926715 0.997749 -0.796343 0.672609 -0.227953 -0.408557 0.104766 -0.797261 0.847969 0.645110 
-0.487708 -0.297273 -0.008554 0.153457 0.538347 -0.716477 0.458076 0.008262 -0.110415 0.433609 -0.127785 -0.504389 -0.231326 -0.271474 0.096664 0.845931 -0.214411 0.111567 -0.663994 0.364218 0.532836 0.731176 0.019487 -0.939367 -0.785815 -0.601902 0.171243 -0.936733 -0.745314 0.974393 0.638693 0.702770 -0.103214 0.146155 -0.779333 -0.553581 -0.415834 -0.336148 0.298568 0.243144 
-0.975428 0.816694 -0.158269 0.989850 0.645615 0.293051 -0.800072 0.584097 0.139227 -0.893041 0.000034 -0.537195 -0.870245 0.071057 0.554235 -0.079957 -0.219829 -0.637771 -0.463738 -0.371679 -0.411754 -0.260395 -0.508382 -0.072844 -0.562967 -0.140735 -0.876497 0.612949 0.036707 -0.219569 0.601994 -0.390693 -0.221481 0.371561 0.363923 0.600295 0.596912 -0.747140 0.945871 0.029066 
0.999469 -0.248213 0.836840 0.059795 -0.399987 -0.110139 0.165251 0.614419 0.264667 -0.883703 -0.371705 0.762118 -0.771385 -0.974385 0.058499 -0.782452 -0.182036 0.122172 -0.455153 0.900028 0.470801 -0.243287 0.170565 -0.902742 0.149134 0.630303 -0.068520 0.104403 0.585604 0.270227 0.666120 0.468871 -0.758344 -0.402761 0.686008 0.012373 -0.597286 -0.294153 0.640410 0.700742 
0.938409 -0.314476 -0.715381 0.936007 -0.228356 -0.780876 0.588394 -0.615884 0.259098 -0.095701 -0.830525 -0.666293 0.206148 -0.137938 -0.731376 0.539132 0.677202 0.013983 -0.508190 0.525119 0.813383 -0.863344 0.739342 0.306676 0.348457 0.643155 0.199344 0.479039 0.014805 -0.773371 0.485501 -0.389172 0.944771 -0.520058 0.793022 0.101747 -0.461741 0.716418 -0.187338 0.303985 
0.750980 -0.483743 -0.343826 0.782932 0.777961 0.918359 0.644792 -0.249678 -0.714424 -0.855202 0.869274 0.329362 0.050809 0.843028 -0.500222 0.150749 0.024599 0.026998 -0.881563 0.974825 0.225875 -0.169000 0.463857 0.703455 0.941513 -0.271765 -0.668353 0.085020 0.044364 0.935959 0.034159 -0.509458 -0.500194 -0.703791 -0.538308 -0.041058 0.512916 0.934251 -0.327577 -0.831763 
0.062240 0.105737 -0.351187 0.803327 0.060483 0.824989 -0.397450 -0.317404 0.700131 -0.765414 -0.648790 0.795444 0.716427 0.715410 0.023755 0.579034 0.475035 0.548840 -0.420788 0.735180 0.732756 -0.942306 -0.391339 0.293675 -0.432683 0.141562 -0.068336 0.696496 0.880845 0.860923 0.937175 -0.892948 0.762873 0.724453 0.285839 -0.278856 0.356596 -0.347428 0.038550 -0.698173 
0.508295 -0.897210 0.945095 -0.501692 0.480589 -0.336336 0.441752 0.565744 0.934023 -0.581947 -0.586264 0.580802 0.875672 -0.741035 -0.035973 -0.480046 0.246142 -0.005172 0.944969 -0.704142 0.808629 -0.965506 0.680105 0.268335 0.813087 -0.679599 -0.773967 -0.538397 -0.132165 0.460806 0.631778 0.887490 0.366454 0.749947 -0.119270 0.329010 -0.370738 -0.552022 -0.874224 0.970652 
0.902786 0.833288 0.696121 0.218314 -0.147960 -0.720077 0.329967 0.496571 0.324005 0.275503 0.933373 -0.685232 -0.203787 0.817749 -0.722910 0.175431 0.017089 -0.103156 0.063035 -0.640303 -0.332650 0.277467 0.472487 -0.937045 0.399045 -0.725009 0.255221 0.363264 0.135752 -0.856743 -0.080276 -0.689532 -0.850550 -0.237360 -0.988457 0.589299 -0.873478 -0.485037 -0.277258 -0.049230 
0.335844 0.622930 -0.344795 -0.160427 0.489982 0.769328 0.690182 0.251893 0.659023 0.270092 0.411975 0.980850 0.566255 0.722410 -0.797814 -0.431722 0.979080 0.505284 -0.365534 0.781139 0.507411 0.600188 0.862804 0.746125 -0.464191 -0.693483 -0.721045 -0.575180 -0.334447 0.514899 0.281444 0.977557 0.571133 0.874505 0.731739 0.951079 -0.710132 0.347710 0.562706 -0.277773 
0.942631 -0.434681 -0.493290 0.580981 0.325597 0.288907 -0.515742 0.479199 0.884517 -0.918530 0.276959 -0.407037 -0.572900 -0.432862 -0.631790 0.336873 -0.205261 0.584869 -0.840261 0.400286 -0.778470 0.907077 -0.362182 -0.700353 0.037099 -0.116797 -0.403790 -0.808077 -0.064405 0.456200 0.109908 -0.756670 0.414936 0.677325 -0.823902 -0.415299 0.710275 -0.090945 0.917954 -0.142579 
0.178721 -0.310684 -0.494819 0.205631 0.837947 -0.982095 -0.926034 0.281241 -0.382596 0.523362 -0.095086 0.720391 0.908190 -0.125545 0.547786 -0.214006 -0.881826 0.296932 -0.071225 -0.995385 -0.147962 -0.230850 -0.605604 -0.339648 0.031272 -0.682502 0.264468 -0.352711 0.478980 0.156299 0.798097 -0.549325 0.810267 0.216238 -0.519654 0.715002 0.679025 -0.330228 -0.736547 -0.115019 
-0.121921 0.520953 0.565277 0.855657 0.879809 -0.401749 0.120139 -0.585074 -0.512086 0.684221 -0.836932 -0.984046 -0.062662 -0.674809 -0.675757 -0.113439 -0.920175 0.301681 -0.426119 0.152556 0.460094 0.849529 -0.724372 0.132655 0.762620 -0.036929 0.905427 -0.152020 -0.676990 0.462627 0.195867 -0.039430 0.573117 0.860501 0.649096 -0.976093 0.872090 0.237316 -0.986825 -0.815414 
-0.506347 -0.664887 -0.522679 -0.580685 0.424131 0.436379 -0.922201 0.069019 -0.031673 0.513857 0.227310 -0.431001 0.284711 0.088460 -0.537840 0.444587 -0.226152 -0.426900 0.157886 -0.227394 0.354214 -0.995226 0.632023 -0.071777 0.875828 -0.887227 0.370008 0.086117 0.833280 -0.781381 -0.871115 -0.060011 -0.299403 0.967198 0.428020 0.718319 -0.170912 0.508527 0.901061 -0.336804 
0.609845 0.400498 -0.244581 -0.257067 -0.605698 0.982922 0.337632 0.197831 -0.133134 -0.260434 -0.996265 0.719859 0.526516 0.669341 0.670220 -0.346769 0.126739 0.085903 0.542545 -0.716283 -0.588829 -0.189796 0.764858 0.661628 -0.154624 0.700118 0.233705 -0.703365 0.062013 0.952420 -0.947775 0.044732 0.834135 0.584174 0.364514 0.908290 -0.861815 0.808951 -0.850470 0.200503 
-0.839973 0.968311 -0.591596 -0.814904 0.736279 -0.533879 0.945732 0.381133 -0.231767 0.336065 0.452936 0.657236 -0.165644 0.937560 -0.042183 0.518042 0.331597 -0.801266 -0.080290 -0.119356 0.903972 -0.164852 -0.223159 -0.069108 0.130196 0.040150 -0.795217 -0.276976 0.443813 0.488538 0.935734 0.799812 -0.052330 -0.924625 0.406128 -0.888074 -0.067982 0.474931 0.760247 -0.093786 
-0.676786 0.447640 -0.033829 -0.560615 0.993174 0.497010 0.631144 -0.209676 -0.525367 0.155558 -0.773133 -0.482598 -0.555348 -0.278001 0.078606 0.667242 -0.746524 -0.648963 0.371112 0.540032 0.643456 0.929273 0.304939 0.587064 -0.268471 0.886952 -0.077975 -0.212478 0.518424 -0.497320 0.366075 0.659561 -0.195368 0.022955 -0.094625 -0.728122 0.764224 -0.168717 0.717111 0.751366 
-0.500707 -0.319919 -0.276417 -0.046450 -0.126070 -0.862001 -0.012550 0.098052 0.077784 -0.102866 0.637886 0.122246 -0.449992 -0.614638 0.914824 -0.755189 -0.870905 0.822133 0.844631 0.796699 0.937497 0.332401 -0.987546 0.448984 -0.616737 0.281685 0.477904 0.462576 0.437192 -0.129064 0.376673 0.837039 -0.646642 -0.781134 -0.798834 -0.166054 0.909150 -0.778904 0.832499 -0.764769 
-0.247087 0.444404 0.792720 -0.810666 0.597998 0.771180 -0.843159 -0.010901 -0.144054 0.468309 -0.202244 0.906171 0.251415 0.389726 0.496569 -0.089103 -0.338352 0.600827 -0.925022 -0.170001 -0.082544 0.639894 0.232203 0.927735 0.697817 0.262221 0.164389 -0.448189 0.375166 0.832842 0.417177 0.428653 -0.477943 -0.300019 0.862636 -0.560685 0.407535 0.727487 -0.520895 -0.142620 
0.252049 0.604745 -0.767026 0.720093 0.173790 -0.180507 0.122807 0.231419 -0.582165 -0.013520 0.092885 -0.788892 -0.738976 0.237020 -0.049024 0.660793 -0.742816 -0.716231 -0.880927 0.332592 0.801414 -0.441299 0.890097 -0.208079 0.433174 0.578780 0.842802 0.925007 -0.217761 0.133437 -0.130819 0.452678 0.779074 0.880970 -0.712133 0.305850 0.341465 -0.140834 -0.019205 0.027657 
-0.839475 0.371395 0.740683 -0.641099 0.782585 0.683395 0.485297 0.763593 0.562128 0.663263 0.366902 -0.402402 -0.745025 -0.104405 0.174384 0.167400 -0.115830 0.681413 0.687120 0.343867 0.566644 0.138847 0.011342 0.223515 -0.311625 -0.669240 -0.417078 0.209668 0.047844 0.945125 -0.451148 0.770333 0.417748 0.496900 0.635295 0.802609 0.450857 0.142463 0.597266 0.171702 
-0.239671 -0.374716 0.311368 0.638720 -0.874158 -0.315081 0.659117 -0.779439 0.058462 0.476867 0.785497 -0.967511 -0.931617 -0.174918 -0.476104 -0.634255 -0.911519 -0.924634 0.457392 -0.187913 0.281299 -0.731889 0.893677 0.654372 -0.372533 0.530635 -0.899792 0.450975 0.964539 -0.808470 -0.546354 0.742666 -0.225315 -0.815546 0.228933 0.733712 0.518057 -0.452396 0.021192 -0.570918 
0.874162 0.839163 -0.330856 0.616215 -0.383425 -0.725629 0.560879 0.621283 0.503579 0.485369 -0.040918 0.828058 0.688769 0.546863 -0.934993 0.930896 0.891597 -0.058282 0.364033 -0.722640 0.383756 0.096580 -0.597908 -0.152181 -0.043697 -0.990216 0.634640 0.577120 -0.641051 0.409804 0.304560 0.499460 0.579243 0.838391 -0.698688 0.626755 -0.273646 -0.599733 0.393353 0.457595 
-0.237001 -0.032542 0.939521 -0.288598 -0.471303 0.573232 -0.759120 0.808006 -0.976193 -0.411112 -0.897147 -0.216885 -0.234633 -0.262417 0.390227 0.337701 -0.065253 -0.471656 0.539424 0.006960 0.615910 0.428784 -0.685134 -0.446032 0.941141 -0.369317 -0.233163 0.133177 0.314417 0.517795 0.867486 -0.888787 0.096333 0.186832 0.510266 -0.494706 -0.561387 0.136914 -0.983638 -0.441291 
-0.596023 -0.319625 -0.879062 -0.339979 0.883879 0.795503 -0.534397 0.094107 -0.721769 -0.318657 0.026858 0.223214 -0.559532 0.088122 0.943845 0.545971 0.015343 0.880870 0.193803 0.152162 -0.666087 -0.879628 0.021032 -0.856742 -0.123546 -0.644984 0.810295 -0.759744 0.317264 0.493721 -0.843630 0.446556 -0.116175 -0.860484 0.135434 -0.058369 -0.128714 -0.679335 -0.945608 0.631704 
0.292005 -0.275649 -0.516779 0.621696 0.918460 -0.127636 -0.703049 -0.270140 -0.463283 0.355591 -0.732922 -0.659976 -0.025442 -0.024495 -0.419474 0.762081 0.274584 0.658860 0.349013 -0.507238 -0.295552 0.750628 0.330739 0.121296 0.102371 0.698508 -0.651808 0.897376 -0.558642 0.376104 0.112520 -0.409724 -0.761429 -0.874189 0.626530 -0.329920 -0.850141 -0.642422 0.079547 -0.390231 

0.177180-0.075360-0.4648650.7904770.655686-0.6471490.802930-0.3626910.908915-0.3255550.6236960.5911860.845742-0.475114-0.352470-0.7520470.001342-0.107337-0.5457100.848072-0.7528390.0819700.7135180.698988-0.519234-0.427987-0.034145-0.902462-0.9951030.502802-0.8265500.0035170.111053-0.615896-0.1787590.287164-0.178809-0.4025740.4255130.259465